50
-425430978256522028
4099701046519126179
-3312048814645236991
4599918043754800324
-2227454909079106840
3014198829205773395
2223250824160370105
4246938137165999959
2849189371388617991
-1501670168250810034
-1591985476673731613
2160553341598971544
4263076008722045114
2466138365615286081
-4012920752535047359
301245584965428525
4387680874226200204
1765361027151260729
-2620705663635407595
-4441884866306768354
-2921938351681760341
-1276810014138353071
1784339436647692125
-3016640471386781297
-4582452579738808312
-4384761876686741509
1079677357320698796
3065478799614302581
-2725927782076038494
2116506474992172108
2644407638285764549
3033097036860134979
1730782083447949865
-931258647172808387
855751759017374909
1905072097112775758
1243857249013855033
2390978841596054555
630129097274134301
2846113051950886744
-4199915739713061156
-821152046132156884
2579017282314613682
1496721862481784654
-2767006499863697581
-1109576601582361270
-3447570584521229372
4045742541647264134
-2436469898645588932
-738703391925352938